num_scal_reads = 31

scal_read_bcm1_current = 0.0264281, 0.0271625, 0.0269352, 0.0268785, 0.0269164, 0.0270185, 6.65499, 15.0832, 15.5157, 18.188, 19.7892, 21.9748, 23.8111, 25.1143, 27.629, 29.2619, 30.2994, 30.9948, 33.0568, 35.337, 36.9949, 39.3455, 40.9677, 20.6345, 0.0266342, 0.0264688, 0.0265691, 0.027056, 0.0266807, 0.0267846, 0.449586

scal_read_bcm2_current = 0.0525775, 0.0520868, 0.0520852, 0.052107, 0.0520631, 0.0521576, 6.66443, 15.0724, 15.5042, 18.172, 19.7706, 21.9523, 23.7852, 25.0861, 27.5965, 29.2246, 30.2595, 30.9531, 33.0113, 35.2887, 36.9458, 39.2979, 40.9219, 20.626, 0.0521735, 0.0521856, 0.0520679, 0.0522015, 0.0521298, 0.0521734, 0.473953

scal_read_bcm4a_current = 0.412801, 0.412244, 0.412126, 0.412711, 0.412433, 0.412385, 6.92803, 15.2221, 15.6591, 18.356, 19.9713, 22.1764, 24.0277, 25.3419, 27.8736, 29.5162, 30.56, 31.2591, 33.3319, 35.6309, 37.3008, 39.6765, 41.3204, 21.0123, 0.412796, 0.413288, 0.412395, 0.412467, 0.412734, 0.41221, 0.813954

scal_read_bcm4b_current = 0.48765, 0.486083, 0.486537, 0.486941, 0.48619, 0.485181, 7.0444, 15.3955, 15.8396, 18.555, 20.1812, 22.4067, 24.2722, 25.5978, 28.1706, 29.8384, 30.8977, 31.6053, 33.6948, 36.0162, 37.7045, 40.0966, 41.7522, 21.2666, 0.485438, 0.486254, 0.486511, 0.487007, 0.486993, 0.487232, 0.891221

scal_read_bcm17_current = 0.889521, 0.89028, 0.890794, 0.890261, 0.890263, 0.891272, 7.12704, 15.0703, 15.4962, 18.1753, 19.7813, 21.9779, 23.8303, 25.1423, 27.6565, 29.2875, 30.3226, 31.0207, 33.0911, 35.3495, 36.999, 39.3584, 40.9815, 21.0843, 0.890972, 0.890734, 0.890262, 0.890876, 0.891045, 0.89044, 1.25794

scal_read_event = 1, 4, 7, 10, 13, 16, 343, 1081, 1836, 2714, 3696, 4738, 5889, 7105, 8454, 9848, 10000, 11482, 13027, 14716, 16513, 18390, 20000, 21411, 21414, 21417, 21420, 21423, 21426, 21429, 1e+38