num_scal_reads = 31

scal_read_bcm1_current = 0.0274533, 0.0282162, 0.02798, 0.0279212, 0.0279605, 0.0280666, 6.91314, 15.6683, 16.1176, 18.8935, 20.5569, 22.8272, 24.7347, 26.0885, 28.7008, 30.397, 31.4747, 32.1971, 34.3391, 36.7077, 38.4299, 40.8717, 42.5568, 21.435, 0.0276674, 0.0274955, 0.0275998, 0.0281055, 0.0277157, 0.0278236, 0.467025

scal_read_bcm2_current = 0.0546205, 0.0541107, 0.054109, 0.0541317, 0.0540861, 0.0541842, 6.92339, 15.6581, 16.1066, 18.8781, 20.5388, 22.8053, 24.7094, 26.0608, 28.6688, 30.3601, 31.4353, 32.1558, 34.294, 36.6599, 38.3814, 40.8249, 42.5119, 21.4274, 0.0542008, 0.0542133, 0.0540911, 0.0542299, 0.0541553, 0.0542007, 0.492369

scal_read_bcm4a_current = 0.378353, 0.377777, 0.377656, 0.378259, 0.377972, 0.377923, 7.10375, 15.6654, 16.1165, 18.9004, 20.5677, 22.844, 24.755, 26.1117, 28.725, 30.4206, 31.498, 32.2197, 34.3594, 36.7326, 38.4563, 40.9086, 42.6056, 21.6424, 0.378347, 0.378855, 0.377933, 0.378008, 0.378284, 0.377742, 0.792446

scal_read_bcm4b_current = 0.92437, 0.925158, 0.925692, 0.925139, 0.925141, 0.92619, 7.40626, 15.6607, 16.1034, 18.8873, 20.5562, 22.8389, 24.7639, 26.1273, 28.74, 30.4349, 31.5106, 32.236, 34.3875, 36.7344, 38.4485, 40.9004, 42.5871, 21.9103, 0.925878, 0.925631, 0.92514, 0.925778, 0.925954, 0.925325, 1.30722

scal_read_bcm4c_current = 0.506568, 0.50494, 0.505412, 0.505832, 0.505051, 0.504003, 7.31768, 15.9928, 16.4541, 19.2749, 20.9641, 23.276, 25.2139, 26.5909, 29.2634, 30.9959, 32.0963, 32.8314, 35.0019, 37.4135, 39.1672, 41.6521, 43.3719, 22.0916, 0.504271, 0.505118, 0.505385, 0.505901, 0.505885, 0.506134, 0.925796

scal_read_event = 1, 4, 7, 10, 13, 16, 343, 1081, 1836, 2714, 3696, 4738, 5889, 7105, 8454, 9848, 10000, 11482, 13027, 14716, 16513, 18390, 20000, 21411, 21414, 21417, 21420, 21423, 21426, 21429, 1e+38