num_scal_reads = 12

scal_read_bcm1_current = 0.0352203, 1.19873, 3.74241, 3.73634, 18.1543, 16.9029, 15.1265, 15.0595, 15.0403, 15.0335, 15.04, 15.0546

scal_read_bcm2_current = 0.054657, 1.23065, 3.77937, 3.77316, 18.2482, 16.9911, 15.2074, 15.1403, 15.1212, 15.1139, 15.1206, 15.1356

scal_read_bcm4a_current = 0.389187, 1.22107, 3.73357, 3.72681, 18.2608, 17.001, 15.211, 15.1439, 15.1253, 15.1184, 15.1264, 15.14

scal_read_bcm4b_current = 0.899126, 1.44186, 3.7921, 3.78587, 18.2337, 16.9727, 15.1837, 15.1183, 15.098, 15.0908, 15.1014, 15.1123

scal_read_bcm4c_current = 0.576463, 1.35737, 3.91524, 3.90896, 18.5714, 17.292, 15.4761, 15.408, 15.3889, 15.3831, 15.3906, 15.4064

scal_read_event = 1, 51, 207, 361, 1107, 1806, 2432, 3049, 3672, 4294, 4913, 1e+38