num_scal_reads = 60

scal_read_bcm1_current = 29.5779, 29.799, 29.654, 29.6681, 29.7598, 29.8568, 29.8688, 29.8512, 29.6175, 29.6486, 29.7993, 29.7211, 29.6667, 29.7531, 29.7457, 29.72, 29.7015, 29.7989, 29.9461, 5.86435, 0.0281315, 0.0286334, 0.0287053, 0.0293447, 0.028325, 0.028192, 0.0282729, 0.0280577, 0.0282185, 0.0282046, 0.0281862, 0.0287508, 0.0281246, 0.0281175, 0.0282607, 0.028827, 0.0290986, 0.0294589, 0.0288717, 0.0288879, 0.0291184, 0.0288464, 0.0282771, 0.0277721, 0.0276475, 0.0279945, 0.0286792, 0.0288343, 0.0283137, 0.0279049, 0.0278647, 0.0279701, 0.0277792, 0.028262, 0.0288299, 0.028603, 0.0285854, 0.0284101, 0.0287002, 0.0286563

scal_read_bcm2_current = 29.2959, 29.9142, 29.7685, 29.7838, 29.875, 29.9717, 29.9835, 29.9657, 29.7315, 29.76, 29.9132, 29.8344, 29.7763, 29.8665, 29.8587, 29.8345, 29.8141, 29.9114, 30.0595, 5.90515, 0.0518375, 0.0518518, 0.0519006, 0.0519385, 0.0519294, 0.0519151, 0.0519555, 0.0519536, 0.0519387, 0.0519, 0.0519462, 0.0520165, 0.0520179, 0.0520075, 0.0520392, 0.0520624, 0.052054, 0.0521109, 0.052038, 0.0520131, 0.0520668, 0.0521008, 0.0520622, 0.0520785, 0.0520733, 0.0520616, 0.0521076, 0.0520793, 0.0520998, 0.0520294, 0.0520352, 0.0519747, 0.0520225, 0.0519069, 0.0519324, 0.0519186, 0.0519533, 0.051937, 0.051983, 0.0519797

scal_read_bcm4a_current = 29.7211, 30.0295, 29.8847, 29.8985, 29.9933, 30.0913, 30.1053, 30.0856, 29.8502, 29.8767, 30.0331, 29.9592, 29.9047, 29.9887, 29.977, 29.9527, 29.9297, 30.0266, 30.1761, 6.20033, 0.391026, 0.390319, 0.390113, 0.388857, 0.388924, 0.389161, 0.390621, 0.389877, 0.388825, 0.387637, 0.388164, 0.388071, 0.389332, 0.389397, 0.389546, 0.39061, 0.390534, 0.390408, 0.39017, 0.390239, 0.390398, 0.391367, 0.391786, 0.39132, 0.390584, 0.390144, 0.390518, 0.389697, 0.389359, 0.389852, 0.389164, 0.388476, 0.388565, 0.388037, 0.389067, 0.388919, 0.389078, 0.388828, 0.389895, 0.389907

scal_read_bcm4b_current = 29.2055, 30.026, 29.8778, 29.8905, 29.9871, 30.087, 30.1035, 30.0822, 29.8463, 29.875, 30.0305, 29.9536, 29.8885, 29.9794, 29.9712, 29.9467, 29.9287, 30.0243, 30.1603, 6.61693, 0.909455, 0.909085, 0.91312, 0.908722, 0.910875, 0.910712, 0.91319, 0.912476, 0.912595, 0.909128, 0.909943, 0.909943, 0.91193, 0.910401, 0.912991, 0.911444, 0.911424, 0.911177, 0.912802, 0.9112, 0.911679, 0.907904, 0.908282, 0.911001, 0.909742, 0.912362, 0.910202, 0.906975, 0.906518, 0.907498, 0.90923, 0.907648, 0.906739, 0.908405, 0.906137, 0.907192, 0.904224, 0.905821, 0.90597, 0.907334

scal_read_bcm4c_current = 30.5264, 30.6122, 30.4657, 30.482, 30.5727, 30.6731, 30.6857, 30.6679, 30.4302, 30.4598, 30.6124, 30.534, 30.4787, 30.5659, 30.5586, 30.5321, 30.5148, 30.6116, 30.7599, 6.46959, 0.581829, 0.580574, 0.58098, 0.582922, 0.583059, 0.582198, 0.579817, 0.578897, 0.579573, 0.579869, 0.581328, 0.582514, 0.582064, 0.585727, 0.584303, 0.584021, 0.584112, 0.583304, 0.58362, 0.581635, 0.579876, 0.579848, 0.579086, 0.579403, 0.578484, 0.578299, 0.578613, 0.577306, 0.577188, 0.576414, 0.57708, 0.576879, 0.577455, 0.579164, 0.580423, 0.580665, 0.579724, 0.578361, 0.577698, 0.579244

scal_read_event = 1, 4794, 9664, 10000, 14886, 19803, 20000, 24892, 29772, 30000, 34869, 39760, 40000, 44852, 49745, 50000, 54875, 59778, 60000, 64117, 64118, 64119, 64120, 64121, 64122, 64123, 64124, 64125, 64126, 64127, 64128, 64129, 64130, 64131, 64132, 64133, 64134, 64135, 64136, 64137, 64138, 64139, 64140, 64141, 64142, 64143, 64144, 64145, 64146, 64147, 64148, 64149, 64150, 64151, 64152, 64153, 64154, 64155, 64156, 1e+38