num_scal_reads = 45

scal_read_bcm1_current = 0.062705, 0.95911, 3.55252, 7.26327, 14.0537, 18.1865, 21.2646, 27.3498, 29.1414, 29.9135, 29.9579, 29.9109, 29.8511, 29.8462, 29.7735, 29.8127, 29.9263, 29.9302, 30.0311, 29.964, 29.9061, 29.971, 29.9537, 30.026, 29.9344, 29.9726, 29.816, 29.8473, 29.9607, 29.9323, 29.964, 30.0316, 30.0094, 29.944, 29.8422, 29.3782, 29.3883, 29.3735, 29.3044, 29.3845, 29.5239, 29.4121, 29.3747, 29.3711, 29.3892

scal_read_bcm2_current = 0.0867416, 0.989658, 3.58576, 7.30755, 14.1186, 18.2662, 21.3547, 27.4607, 29.2578, 30.032, 30.0769, 30.0295, 29.9701, 29.9653, 29.8923, 29.9312, 30.0447, 30.0482, 30.1501, 30.0825, 30.0248, 30.09, 30.0729, 30.1456, 30.0536, 30.0923, 29.9353, 29.9671, 30.0808, 30.0521, 30.0843, 30.1519, 30.1295, 30.0641, 29.9622, 29.4968, 29.5071, 29.4916, 29.4226, 29.5027, 29.6425, 29.5304, 29.4927, 29.489, 29.5073

scal_read_bcm4a_current = 0.413627, 0.988571, 3.54439, 7.27605, 14.1196, 18.2839, 21.3825, 27.5095, 29.3131, 30.0875, 30.1326, 30.0853, 30.024, 30.0203, 29.9463, 29.9873, 30.1012, 30.1025, 30.202, 30.1366, 30.0807, 30.1467, 30.1277, 30.2039, 30.1148, 30.1527, 29.9915, 30.0232, 30.1362, 30.1078, 30.1432, 30.207, 30.1852, 30.1219, 30.0202, 29.5532, 29.5622, 29.5463, 29.4737, 29.5553, 29.6968, 29.5847, 29.5447, 29.5411, 29.5622

scal_read_bcm4b_current = 0.917947, 1.24561, 3.62458, 7.30867, 14.0966, 18.2775, 21.3853, 27.5381, 29.3355, 30.1072, 30.1548, 30.1033, 30.0434, 30.0392, 29.968, 30.003, 30.1189, 30.1195, 30.2228, 30.1537, 30.0958, 30.1612, 30.142, 30.2194, 30.1247, 30.1665, 30.0067, 30.0385, 30.1534, 30.1272, 30.1641, 30.2294, 30.2047, 30.1396, 30.0382, 29.5734, 29.5829, 29.5664, 29.4951, 29.5755, 29.7178, 29.6038, 29.5663, 29.5635, 29.5798

scal_read_bcm4c_current = 0.602554, 1.12903, 3.7328, 7.50496, 14.4169, 18.6446, 21.7936, 28.0213, 29.8566, 30.6466, 30.6914, 30.6445, 30.5844, 30.5791, 30.5034, 30.5443, 30.6595, 30.6638, 30.7632, 30.6989, 30.6384, 30.7048, 30.6852, 30.7593, 30.6648, 30.7061, 30.5474, 30.5793, 30.6946, 30.6658, 30.699, 30.7675, 30.7459, 30.6787, 30.5777, 30.1041, 30.1161, 30.1014, 30.0316, 30.1138, 30.2544, 30.1406, 30.1024, 30.0977, 30.1146

scal_read_event = 1, 64, 290, 755, 1650, 2797, 4136, 5850, 7673, 9543, 10000, 11863, 13728, 15594, 17457, 19323, 20000, 21861, 23740, 25617, 27491, 29367, 30000, 31867, 33740, 35617, 37482, 39350, 40000, 41853, 43728, 45605, 47482, 49356, 50000, 51831, 53668, 55503, 57336, 59171, 60000, 61839, 63678, 65518, 1e+38