num_scal_reads = 76

scal_read_bcm1_current = 38.8106, 38.8675, 39.0154, 38.9532, 38.9148, 38.9234, 38.7816, 38.7189, 38.8545, 38.7975, 38.7077, 38.6938, 38.7531, 38.676, 38.7013, 38.7291, 38.6103, 38.5069, 38.5758, 38.5908, 38.7091, 38.8321, 38.4551, 38.5213, 38.522, 38.469, 38.5393, 38.3679, 38.3883, 38.3887, 38.4567, 38.5359, 38.4256, 38.5683, 38.6086, 38.4792, 38.5602, 38.6455, 38.648, 38.6109, 38.4361, 38.3779, 38.9847, 39.0947, 39.1491, 38.9576, 39.1431, 39.0161, 39.2276, 39.0953, 39.2245, 39.2466, 39.2363, 39.2753, 39.3014, 39.0762, 38.6227, 38.6881, 38.5933, 38.6707, 38.6617, 38.6084, 38.6471, 38.7697, 38.6839, 38.5953, 38.7729, 38.7039, 38.7401, 22.5575, 0.0283735, 0.0282876, 0.0280727, 0.0285026, 0.0280724, 0.0279597

scal_read_bcm2_current = 38.7606, 38.818, 38.9669, 38.9053, 38.8666, 38.8751, 38.7328, 38.6702, 38.8049, 38.7477, 38.6577, 38.6436, 38.7029, 38.6254, 38.6506, 38.6784, 38.5599, 38.4568, 38.5251, 38.54, 38.6586, 38.7813, 38.4042, 38.4702, 38.4705, 38.4176, 38.4879, 38.3162, 38.3365, 38.3367, 38.4044, 38.4835, 38.3735, 38.5159, 38.5562, 38.4268, 38.5077, 38.593, 38.5952, 38.5585, 38.3834, 38.3249, 38.9322, 39.0425, 39.0969, 38.9051, 39.0908, 38.9634, 39.1752, 39.043, 39.1719, 39.1943, 39.1839, 39.2228, 39.2493, 39.0238, 38.57, 38.6353, 38.5406, 38.6185, 38.6092, 38.556, 38.5944, 38.7172, 38.6313, 38.5426, 38.7201, 38.651, 38.687, 22.5357, 0.0508215, 0.0509225, 0.0508723, 0.050872, 0.0507712, 0.05096

scal_read_bcm4a_current = 39.2278, 39.2891, 39.4404, 39.3769, 39.3381, 39.3501, 39.2074, 39.142, 39.2755, 39.2187, 39.1279, 39.1108, 39.1688, 39.089, 39.112, 39.1393, 39.0254, 38.9179, 38.9888, 39.0012, 39.1213, 39.242, 38.8619, 38.9301, 38.9293, 38.8736, 38.945, 38.775, 38.7935, 38.7902, 38.8568, 38.9364, 38.8262, 38.9727, 39.0131, 38.879, 38.9598, 39.0464, 39.05, 39.015, 38.8361, 38.773, 39.3828, 39.4958, 39.5531, 39.3567, 39.5463, 39.4184, 39.6343, 39.4993, 39.6278, 39.6512, 39.6361, 39.6696, 39.6996, 39.4713, 39.0115, 39.0746, 38.9759, 39.0566, 39.0521, 38.9983, 39.0392, 39.1643, 39.078, 38.9886, 39.1687, 39.0979, 39.1333, 22.95, 0.42667, 0.426639, 0.426225, 0.425299, 0.426351, 0.426332

scal_read_bcm4b_current = 39.6571, 39.7173, 39.8695, 39.8064, 39.7691, 39.7773, 39.6326, 39.568, 39.7048, 39.6438, 39.5506, 39.5369, 39.5956, 39.5145, 39.5393, 39.5655, 39.4446, 39.3378, 39.41, 39.4243, 39.5491, 39.6726, 39.2869, 39.3554, 39.3559, 39.3013, 39.3725, 39.1964, 39.2159, 39.2171, 39.2845, 39.3631, 39.2487, 39.3936, 39.4329, 39.3031, 39.3848, 39.4714, 39.4756, 39.4368, 39.2564, 39.1988, 39.8186, 39.9288, 39.9833, 39.789, 39.9778, 39.8471, 40.0613, 39.9278, 40.0625, 40.0847, 40.0724, 40.1105, 40.1374, 39.9072, 39.4459, 39.5119, 39.4132, 39.4887, 39.4814, 39.4287, 39.4672, 39.5923, 39.5063, 39.4143, 39.5947, 39.5202, 39.5568, 23.2335, 0.509783, 0.509917, 0.510315, 0.510115, 0.510379, 0.510026

scal_read_bcm17_current = 38.9003, 38.9632, 39.1132, 39.055, 39.0149, 39.0234, 38.8775, 38.8097, 38.9451, 38.8879, 38.7963, 38.785, 38.8438, 38.7645, 38.7956, 38.8178, 38.6967, 38.5902, 38.6595, 38.6751, 38.7916, 38.9159, 38.5368, 38.6072, 38.6076, 38.556, 38.622, 38.453, 38.4776, 38.4816, 38.5402, 38.611, 38.4985, 38.6392, 38.6821, 38.5519, 38.6329, 38.7158, 38.7206, 38.6806, 38.5061, 38.4466, 39.0581, 39.1673, 39.2207, 39.026, 39.2147, 39.0848, 39.3018, 39.1738, 39.3051, 39.3231, 39.3116, 39.3525, 39.3796, 39.1538, 38.689, 38.7521, 38.6568, 38.7331, 38.729, 38.6747, 38.7064, 38.8309, 38.7467, 38.6551, 38.8333, 38.7625, 38.8035, 22.9558, 0.901773, 0.903592, 0.902383, 0.901168, 0.900562, 0.902721

scal_read_event = 2, 15, 27, 39, 53, 62, 76, 90, 103, 113, 122, 133, 147, 162, 174, 186, 194, 210, 222, 231, 240, 252, 263, 278, 290, 304, 314, 325, 335, 347, 359, 370, 385, 394, 410, 421, 433, 444, 455, 467, 479, 487, 499, 512, 525, 535, 550, 561, 570, 580, 590, 601, 613, 622, 635, 646, 655, 666, 674, 685, 698, 710, 722, 735, 744, 759, 771, 779, 792, 802, 809, 816, 823, 830, 837, 1e+38