num_scal_reads = 53

scal_read_bcm1_current = 59.7368, 59.681, 59.7625, 59.7537, 59.621, 59.7758, 59.4692, 59.5233, 59.6712, 59.6447, 59.907, 59.7616, 59.6296, 59.5126, 59.757, 59.889, 59.5271, 59.8449, 60.4258, 60.4399, 60.5333, 60.1896, 60.0767, 60.4474, 60.2568, 60.1303, 39.5697, 0.028524, 0.0289545, 0.0285884, 0.0301379, 0.02889, 0.029277, 0.0293201, 0.0290835, 0.0281584, 0.0277282, 0.0290192, 0.0286535, 0.0289327, 0.0287611, 0.0287609, 0.0277709, 0.0280082, 0.027793, 0.0278143, 0.027922, 0.0280941, 0.0277496, 0.0287178, 0.0291913, 0.0288468, 0.0287371

scal_read_bcm2_current = 59.7298, 59.6651, 59.7469, 59.7376, 59.6047, 59.76, 59.4517, 59.5056, 59.653, 59.6269, 59.8893, 59.7431, 59.6109, 59.4924, 59.7383, 59.871, 59.5069, 59.8256, 60.4069, 60.4211, 60.5146, 60.1711, 60.0585, 60.4288, 60.238, 60.1114, 39.5653, 0.0510987, 0.051099, 0.0510733, 0.0510741, 0.0511243, 0.0510736, 0.0511241, 0.0511494, 0.0510736, 0.0510736, 0.0511748, 0.0510487, 0.0511743, 0.051074, 0.0510738, 0.0510228, 0.0510992, 0.0511495, 0.0512753, 0.051099, 0.051099, 0.0510987, 0.0511241, 0.0511748, 0.0511744, 0.0511068

scal_read_bcm4a_current = 60.453, 60.3841, 60.4678, 60.4652, 60.3321, 60.4851, 60.1735, 60.2285, 60.3766, 60.3576, 60.6262, 60.4708, 60.3301, 60.2059, 60.4577, 60.5962, 60.225, 60.5459, 61.1461, 61.1589, 61.2507, 60.8995, 60.7879, 61.1641, 60.969, 60.8381, 40.1701, 0.421791, 0.421856, 0.422077, 0.422144, 0.42243, 0.424087, 0.422716, 0.421601, 0.421345, 0.421887, 0.422813, 0.424312, 0.424884, 0.423802, 0.422494, 0.42281, 0.423132, 0.421633, 0.421504, 0.420963, 0.420357, 0.421121, 0.420771, 0.420517, 0.421313, 0.420622

scal_read_bcm4b_current = 61.076, 61.0021, 61.0846, 61.0759, 60.9445, 61.1024, 60.7843, 60.8373, 60.9862, 60.9666, 61.2296, 61.0797, 60.9463, 60.8272, 61.0789, 61.2142, 60.8409, 61.1678, 61.7657, 61.7803, 61.8783, 61.5215, 61.4044, 61.7888, 61.5883, 61.4578, 40.6022, 0.496555, 0.498806, 0.499332, 0.497749, 0.497483, 0.497945, 0.497549, 0.497218, 0.497482, 0.497747, 0.496492, 0.498211, 0.496886, 0.497815, 0.498078, 0.498538, 0.498145, 0.497351, 0.497879, 0.497086, 0.49616, 0.496555, 0.497879, 0.497021, 0.496887, 0.497405

scal_read_bcm17_current = 59.8281, 59.802, 59.8866, 59.877, 59.7449, 59.8956, 59.5916, 59.6468, 59.795, 59.7668, 60.0309, 59.8771, 59.7437, 59.6303, 59.8755, 60.0111, 59.642, 59.9656, 60.5616, 60.5781, 60.6707, 60.3161, 60.1943, 60.5694, 60.3765, 60.2516, 39.948, 0.91389, 0.915106, 0.91611, 0.917128, 0.91753, 0.920355, 0.918134, 0.917326, 0.916113, 0.917123, 0.91955, 0.921973, 0.920151, 0.919348, 0.919549, 0.917523, 0.916117, 0.914097, 0.916113, 0.917327, 0.916519, 0.91692, 0.914498, 0.914501, 0.915305, 0.914416

scal_read_event = 1, 29, 51, 67, 86, 106, 126, 144, 162, 188, 207, 229, 244, 264, 284, 310, 331, 352, 376, 407, 422, 441, 465, 491, 510, 534, 548, 555, 562, 569, 576, 583, 590, 597, 604, 611, 618, 625, 632, 639, 646, 653, 660, 667, 674, 681, 688, 695, 702, 709, 716, 723, 1e+38