num_scal_reads = 53

scal_read_bcm1_current = 62.054, 61.9961, 62.0807, 62.0715, 61.9337, 62.0946, 61.7761, 61.8323, 61.9859, 61.9583, 62.2308, 62.0798, 61.9426, 61.8211, 62.075, 62.2121, 61.8362, 62.1663, 62.7697, 62.7844, 62.8814, 62.5243, 62.4071, 62.7922, 62.5942, 62.4628, 41.1046, 0.0296305, 0.0300777, 0.0296973, 0.031307, 0.0300107, 0.0304127, 0.0304574, 0.0302117, 0.0292507, 0.0288038, 0.0301448, 0.0297649, 0.030055, 0.0298767, 0.0298765, 0.0288481, 0.0290947, 0.0288711, 0.0288932, 0.0290051, 0.0291839, 0.0288261, 0.0298318, 0.0303236, 0.0299658, 0.0298518

scal_read_bcm2_current = 62.0507, 61.9835, 62.0685, 62.0588, 61.9207, 62.082, 61.7618, 61.8178, 61.9709, 61.9438, 62.2164, 62.0645, 61.9272, 61.804, 62.0595, 62.1973, 61.8191, 62.1502, 62.7541, 62.7688, 62.866, 62.5091, 62.3922, 62.7768, 62.5786, 62.4471, 41.1027, 0.0530842, 0.0530846, 0.0530578, 0.0530587, 0.0531108, 0.0530582, 0.0531106, 0.0531368, 0.0530582, 0.0530582, 0.0531632, 0.0530323, 0.0531627, 0.0530585, 0.0530583, 0.0530054, 0.0530847, 0.053137, 0.0532676, 0.0530846, 0.0530846, 0.0530842, 0.0531106, 0.0531632, 0.0531629, 0.0530926

scal_read_bcm4a_current = 62.3553, 62.2842, 62.3706, 62.3679, 62.2306, 62.3885, 62.0669, 62.1236, 62.2765, 62.2569, 62.5341, 62.3737, 62.2284, 62.1002, 62.3602, 62.5031, 62.12, 62.4512, 63.0708, 63.084, 63.1788, 62.8163, 62.701, 63.0894, 62.888, 62.7529, 41.4182, 0.387632, 0.387699, 0.387927, 0.387997, 0.388292, 0.390003, 0.388587, 0.387436, 0.387172, 0.387731, 0.388687, 0.390234, 0.390825, 0.389708, 0.388357, 0.388684, 0.389017, 0.387469, 0.387336, 0.386778, 0.386152, 0.386941, 0.38658, 0.386317, 0.387139, 0.386426

scal_read_bcm4b_current = 62.172, 62.1449, 62.2328, 62.2228, 62.0856, 62.2422, 61.9262, 61.9836, 62.1376, 62.1083, 62.3827, 62.2229, 62.0843, 61.9665, 62.2212, 62.3622, 61.9787, 62.3149, 62.9342, 62.9514, 63.0476, 62.6791, 62.5526, 62.9424, 62.7419, 62.6121, 41.5131, 0.949694, 0.950957, 0.952001, 0.953059, 0.953476, 0.956412, 0.954104, 0.953265, 0.952004, 0.953054, 0.955576, 0.958094, 0.9562, 0.955366, 0.955574, 0.953469, 0.952008, 0.949908, 0.952004, 0.953266, 0.952426, 0.952842, 0.950326, 0.950329, 0.951165, 0.950241

scal_read_bcm4c_current = 63.4454, 63.3687, 63.4543, 63.4453, 63.3088, 63.4728, 63.1424, 63.1975, 63.3521, 63.3317, 63.605, 63.4493, 63.3107, 63.187, 63.4485, 63.589, 63.2011, 63.5408, 64.1619, 64.1771, 64.2789, 63.9082, 63.7865, 64.1858, 63.9776, 63.842, 42.1774, 0.515819, 0.518157, 0.518703, 0.517059, 0.516783, 0.517263, 0.516851, 0.516507, 0.516782, 0.517056, 0.515753, 0.517539, 0.516162, 0.517127, 0.517401, 0.517879, 0.517471, 0.516646, 0.517194, 0.516371, 0.515409, 0.515819, 0.517194, 0.516303, 0.516163, 0.516701

scal_read_event = 1, 29, 51, 67, 86, 106, 126, 144, 162, 188, 207, 229, 244, 264, 284, 310, 331, 352, 376, 407, 422, 441, 465, 491, 510, 534, 548, 555, 562, 569, 576, 583, 590, 597, 604, 611, 618, 625, 632, 639, 646, 653, 660, 667, 674, 681, 688, 695, 702, 709, 716, 723, 1e+38