num_scal_reads = 76

scal_read_bcm1_current = 40.3161, 40.3752, 40.5288, 40.4642, 40.4243, 40.4333, 40.286, 40.2208, 40.3617, 40.3024, 40.2092, 40.1948, 40.2563, 40.1763, 40.2025, 40.2314, 40.108, 40.0006, 40.0721, 40.0878, 40.2107, 40.3384, 39.9467, 40.0155, 40.0163, 39.9612, 40.0342, 39.8562, 39.8774, 39.8778, 39.9485, 40.0307, 39.9162, 40.0644, 40.1062, 39.9718, 40.056, 40.1446, 40.1472, 40.1087, 39.927, 39.8666, 40.497, 40.6112, 40.6678, 40.4688, 40.6614, 40.5296, 40.7493, 40.6119, 40.746, 40.769, 40.7582, 40.7988, 40.8259, 40.592, 40.1209, 40.1888, 40.0904, 40.1708, 40.1614, 40.1061, 40.1462, 40.2736, 40.1844, 40.0925, 40.2769, 40.2053, 40.2429, 23.4325, 0.0294741, 0.0293849, 0.0291617, 0.0296082, 0.0291613, 0.0290443

scal_read_bcm2_current = 40.2667, 40.3263, 40.4811, 40.417, 40.3769, 40.3856, 40.2379, 40.1727, 40.3128, 40.2533, 40.1598, 40.1451, 40.2068, 40.1262, 40.1525, 40.1813, 40.0582, 39.951, 40.022, 40.0375, 40.1608, 40.2882, 39.8964, 39.965, 39.9653, 39.9104, 39.9834, 39.805, 39.8261, 39.8263, 39.8967, 39.9788, 39.8646, 40.0125, 40.0543, 39.92, 40.0039, 40.0926, 40.0949, 40.0567, 39.8748, 39.814, 40.445, 40.5596, 40.616, 40.4168, 40.6097, 40.4774, 40.6974, 40.56, 40.694, 40.7172, 40.7064, 40.7469, 40.7744, 40.5401, 40.0687, 40.1365, 40.0381, 40.1191, 40.1095, 40.0542, 40.094, 40.2216, 40.1324, 40.0402, 40.2246, 40.1529, 40.1903, 23.4113, 0.0527962, 0.0529011, 0.052849, 0.0528487, 0.052744, 0.0529401

scal_read_bcm4a_current = 40.7436, 40.8073, 40.9644, 40.8984, 40.8581, 40.8706, 40.7223, 40.6544, 40.7931, 40.7341, 40.6398, 40.6221, 40.6823, 40.5994, 40.6233, 40.6516, 40.5333, 40.4217, 40.4953, 40.5082, 40.6329, 40.7584, 40.3635, 40.4343, 40.4335, 40.3757, 40.4499, 40.2733, 40.2925, 40.289, 40.3582, 40.4409, 40.3265, 40.4786, 40.5206, 40.3813, 40.4652, 40.5552, 40.5589, 40.5225, 40.3367, 40.2712, 40.9045, 41.0219, 41.0814, 40.8774, 41.0744, 40.9415, 41.1658, 41.0256, 41.1591, 41.1833, 41.1676, 41.2025, 41.2336, 40.9964, 40.5189, 40.5844, 40.482, 40.5657, 40.561, 40.5052, 40.5476, 40.6776, 40.5879, 40.4951, 40.6822, 40.6086, 40.6454, 23.8367, 0.443156, 0.443124, 0.442695, 0.441733, 0.442826, 0.442805

scal_read_bcm4b_current = 41.1956, 41.2581, 41.4162, 41.3507, 41.3119, 41.3204, 41.1701, 41.103, 41.2451, 41.1817, 41.0849, 41.0707, 41.1317, 41.0474, 41.0733, 41.1004, 40.9749, 40.8639, 40.9389, 40.9538, 41.0833, 41.2117, 40.811, 40.8822, 40.8827, 40.826, 40.9, 40.717, 40.7373, 40.7385, 40.8085, 40.8902, 40.7713, 40.9219, 40.9627, 40.8279, 40.9127, 41.0027, 41.007, 40.9668, 40.7793, 40.7195, 41.3633, 41.4779, 41.5344, 41.3326, 41.5287, 41.393, 41.6154, 41.4768, 41.6167, 41.6397, 41.627, 41.6665, 41.6945, 41.4554, 40.9762, 41.0448, 40.9422, 41.0207, 41.0131, 40.9583, 40.9983, 41.1283, 41.0389, 40.9433, 41.1307, 41.0534, 41.0913, 24.1348, 0.52956, 0.529699, 0.530112, 0.529904, 0.530179, 0.529812

scal_read_bcm17_current = 40.4243, 40.4896, 40.6455, 40.5851, 40.5434, 40.5522, 40.4006, 40.3302, 40.4709, 40.4115, 40.3162, 40.3044, 40.3656, 40.2832, 40.3155, 40.3385, 40.2127, 40.1021, 40.1741, 40.1902, 40.3114, 40.4406, 40.0466, 40.1197, 40.1201, 40.0665, 40.1351, 39.9595, 39.985, 39.9893, 40.0501, 40.1237, 40.0068, 40.153, 40.1975, 40.0623, 40.1464, 40.2326, 40.2376, 40.196, 40.0146, 39.9528, 40.5883, 40.7018, 40.7572, 40.5549, 40.751, 40.6161, 40.8415, 40.7085, 40.845, 40.8637, 40.8517, 40.8942, 40.9224, 40.6877, 40.2047, 40.2703, 40.1713, 40.2505, 40.2463, 40.1899, 40.2228, 40.3522, 40.2647, 40.1695, 40.3547, 40.2811, 40.3237, 23.8551, 0.937102, 0.938992, 0.937736, 0.936473, 0.935843, 0.938087

scal_read_event = 2, 15, 27, 39, 53, 62, 76, 90, 103, 113, 122, 133, 147, 162, 174, 186, 194, 210, 222, 231, 240, 252, 263, 278, 290, 304, 314, 325, 335, 347, 359, 370, 385, 394, 410, 421, 433, 444, 455, 467, 479, 487, 499, 512, 525, 535, 550, 561, 570, 580, 590, 601, 613, 622, 635, 646, 655, 666, 674, 685, 698, 710, 722, 735, 744, 759, 771, 779, 792, 802, 809, 816, 823, 830, 837, 1e+38